name: yes_close_large_1_r0_c2
negative: 0.9870694875717163
positive: 0.012930579483509064
