name: yes_close_large_1_r0_c0
negative: 0.762266993522644
positive: 0.23773305118083954
