name: yes_close_large_1_r0_c3
negative: 0.9851699471473694
positive: 0.014830081723630428
