name: yes_close_large_1_r0_c1
negative: 0.8336954712867737
positive: 0.1663045585155487
