name: yes_close_large_1_r1_c3
negative: 0.9800708889961243
positive: 0.019929127767682076
