name: yes_close_large_1_r2_c1
negative: 0.9279114603996277
positive: 0.0720885694026947
