name: yes_close_large_1_r2_c3
negative: 0.9830531477928162
positive: 0.01694680005311966
