name: yes_close_large_1_r2_c2
negative: 0.9834279417991638
positive: 0.0165720097720623
