name: yes_close_large_1_r2_c0
positive: 0.9634621739387512
negative: 0.03653785586357117
