name: yes_mid_small_1_r2_c3
negative: 0.7484819293022156
positive: 0.2515181303024292
