name: yes_mid_small_1_r2_c1
negative: 0.8751181960105896
positive: 0.12488183379173279
