name: yes_mid_small_1_r2_c0
negative: 0.8763439655303955
positive: 0.12365604192018509
