name: yes_mid_small_1_r0_c0
negative: 0.7235685586929321
positive: 0.27643144130706787
