name: yes_mid_small_1_r2_c2
negative: 0.9450861215591431
positive: 0.05491393059492111
