name: yes_mid_small_1_r0_c2
negative: 0.8348405957221985
positive: 0.16515937447547913
