name: yes_mid_small_1_r1_c0
negative: 0.8858900666236877
positive: 0.11410995572805405
