name: yes_mid_small_1_r1_c1
positive: 0.9872652292251587
negative: 0.012734788469970226
