name: yes_mid_small_1_r0_c3
negative: 0.9439840912818909
positive: 0.056015919893980026
