name: yes_mid_small_1_r1_c2
negative: 0.852843165397644
positive: 0.14715683460235596
