name: no_close_2_r1_c0
negative: 0.9603058695793152
positive: 0.03969414904713631
