name: no_close_2_r2_c3
negative: 0.9369710087776184
positive: 0.0630289614200592
