name: no_close_2_r2_c2
negative: 0.8917193412780762
positive: 0.10828065872192383
