name: no_close_2_r0_c1
negative: 0.9503234028816223
positive: 0.04967667907476425
