name: no_close_2_r2_c1
negative: 0.9571049809455872
positive: 0.04289497807621956
