name: no_close_2_r1_c1
negative: 0.9290081262588501
positive: 0.0709918737411499
