name: no_close_2_r1_c2
negative: 0.7907534837722778
positive: 0.20924648642539978
