name: no_close_2_r0_c3
negative: 0.9684840440750122
positive: 0.03151595592498779
