name: no_close_2_r0_c2
negative: 0.9672005772590637
positive: 0.03279938921332359
