name: no_close_2_r0_c0
negative: 0.9857915639877319
positive: 0.01420850120484829
