name: no_close_2_r1_c3
negative: 0.9868552088737488
positive: 0.013144741766154766
