name: no_close_2_r2_c0
negative: 0.8120802044868469
positive: 0.18791987001895905
