name: no_mid_2_r0_c3
negative: 0.9501276612281799
positive: 0.049872346222400665
