name: no_mid_2_r1_c1
negative: 0.9845030903816223
positive: 0.015496931038796902
