name: no_mid_2_r1_c3
negative: 0.9812745451927185
positive: 0.018725406378507614
