name: no_mid_2_r2_c3
negative: 0.9787983298301697
positive: 0.02120165526866913
