name: no_mid_2_r2_c2
negative: 0.9711797833442688
positive: 0.02882026694715023
