name: no_mid_2_r2_c1
negative: 0.9457125067710876
positive: 0.054287515580654144
