name: no_mid_2_r1_c2
negative: 0.8389849066734314
positive: 0.16101513803005219
