name: no_mid_2_r0_c0
negative: 0.930061399936676
positive: 0.0699385479092598
