name: no_mid_2_r1_c0
negative: 0.9465804100036621
positive: 0.053419627249240875
