name: no_mid_2_r0_c1
negative: 0.7991807460784912
positive: 0.2008192390203476
