name: yes_close_large_3_r1_c2
positive: 0.6306096315383911
negative: 0.3693902790546417
