name: yes_close_large_3_r1_c0
negative: 0.6993309259414673
positive: 0.3006691038608551
