name: yes_close_large_3_r1_c3
negative: 0.9799484014511108
positive: 0.02005164884030819
