name: yes_close_large_3_r0_c1
positive: 0.7107203006744385
negative: 0.2892796993255615
