name: yes_close_large_3_r0_c0
negative: 0.9277259111404419
positive: 0.07227414101362228
