name: yes_close_large_3_r2_c3
negative: 0.9368913769721985
positive: 0.06310860067605972
