name: yes_close_large_3_r2_c2
negative: 0.9344711303710938
positive: 0.06552890688180923
