name: yes_close_large_3_r0_c2
negative: 0.9057362675666809
positive: 0.0942637026309967
