name: no_close_1_r0_c0
negative: 0.8469849228858948
positive: 0.15301504731178284
