name: no_close_1_r2_c1
negative: 0.9001170992851257
positive: 0.09988290071487427
