name: no_close_1_r2_c3
negative: 0.9928144812583923
positive: 0.007185544352978468
