name: no_close_1_r2_c0
negative: 0.9923585057258606
positive: 0.007641530130058527
