name: no_close_1_r1_c0
negative: 0.9898147583007812
positive: 0.010185210965573788
