name: no_close_1_r2_c2
negative: 0.7576759457588196
positive: 0.2423240691423416
