name: yes_mid_small_2_r1_c2
negative: 0.8757133483886719
positive: 0.12428659945726395
