name: yes_mid_small_2_r2_c2
negative: 0.9559158682823181
positive: 0.04408418387174606
