name: yes_mid_small_2_r0_c2
negative: 0.8286526203155518
positive: 0.17134736478328705
