name: yes_mid_small_2_r1_c1
positive: 0.9922479391098022
negative: 0.007752051576972008
