name: yes_mid_small_2_r1_c0
negative: 0.7158867120742798
positive: 0.2841133177280426
