name: yes_mid_small_2_r0_c1
negative: 0.8555057644844055
positive: 0.14449425041675568
