name: yes_close_large_4_r1_c3
negative: 0.9865109920501709
positive: 0.013489015400409698
