name: yes_close_large_4_r2_c3
negative: 0.8401292562484741
positive: 0.15987081825733185
