name: yes_close_large_4_r0_c0
negative: 0.9061541557312012
positive: 0.09384582191705704
