name: yes_close_large_4_r2_c1
negative: 0.8243584632873535
positive: 0.17564159631729126
