name: yes_close_large_4_r0_c3
negative: 0.9695360064506531
positive: 0.030463973060250282
