name: yes_close_large_4_r1_c2
negative: 0.9579451680183411
positive: 0.04205484688282013
