name: yes_close_large_4_r2_c0
negative: 0.7795084714889526
positive: 0.22049149870872498
