name: yes_close_large_4_r2_c2
negative: 0.9197287559509277
positive: 0.08027126640081406
