name: yes_close_large_4_r0_c2
negative: 0.9795594215393066
positive: 0.02044055238366127
